% Copyright (c) 2025, Mr Lijithan Kathirkamanathan and Dr Adam Jan Sadowski
% of Imperial College London and Dr Marc Seidel of Siemens Gamesa Renewable
% Energy.

% Copyright under a BSD 3-Clause License, see
% https://github.com/KathirkamanathanL/AxisymmetricShellGDTProtocolPublic.git

% Last modified at 21.57 on 28/04/2025


% Nominal as built gometry
NAME	=	{	'S1'	'S2'	'S3'	'S4'	'S5'	'S6'	'S7'	'F8'	'F9'	'S10'	'S11'	'S12'	'S13'	'S14'	'S15'	};
Z_BOTS	=	[	9913	13271	16629	19986	23344	26702	30059	33419	33600	33781	36112	38626	41769	45026	48283	];
Z_TOPS	=	[	13271	16629	19986	23344	26702	30059	33419	33600	33781	36112	38626	41769	45026	48283	51541	];
R0_BOTS	=	[	3753	3752.35	3752	3751.55	3751	3750.2	3749.7	3750	3750	3749.7	3735.55	3719.8	3700.75	3680.75	3660.75	];
R0_TOPS	=	[	3753	3752.9	3752	3751.4	3750.6	3750	3749.7	3750	3750	3736	3720	3701	3681	3661	3642	];
THICKS	=	[	37.1	35.8	34	    33.1	32.3	31.5	30.9	122.1	122.1	30.9	30	    29.6	29.1	28.6	28.1	];